Timestamp,Local time,Pleasure,Arousal,Dominance
1749332417.7556,14:40:17.755,0.99,0.10,0.06
1749332418.255,14:40:18.255,1.00,0.08,0.05
1749332418.755,14:40:18.755,1.00,0.06,0.03
1749332419.2547,14:40:19.254,1.00,0.06,0.02
1749332419.7547,14:40:19.754,1.00,0.06,0.01
1749332420.2549,14:40:20.254,1.00,0.07,0.00
1749332420.755,14:40:20.755,0.99,0.12,-0.05
1749332421.2546,14:40:21.254,0.99,0.12,-0.04
1749332421.7545,14:40:21.754,1.00,0.09,-0.03
1749332422.2546,14:40:22.254,0.99,0.10,-0.03
1749332422.7538,14:40:22.753,0.99,0.13,-0.06
1749332423.2538,14:40:23.253,0.98,0.16,-0.08
1749332423.754,14:40:23.754,0.98,0.16,-0.08
1749332424.2536,14:40:24.253,0.99,0.14,-0.06
1749332424.7533,14:40:24.753,0.99,0.11,-0.03
1749332425.2532,14:40:25.253,1.00,0.10,0.01
1749332425.7526,14:40:25.752,0.99,0.10,0.03
1749332426.2526,14:40:26.252,0.99,0.11,0.02
1749332426.7526,14:40:26.752,0.99,0.11,0.01
1749332427.2522,14:40:27.252,1.00,0.09,0.01
1749332427.752,14:40:27.752,1.00,0.08,-0.01
1749332428.2527,14:40:28.252,0.99,0.12,-0.06
1749332428.7521,14:40:28.752,0.97,0.19,-0.13
1749332429.2517,14:40:29.251,0.94,0.27,-0.20
1749332429.752,14:40:29.752,0.93,0.30,-0.22
1749332430.2518,14:40:30.251,0.92,0.32,-0.24
1749332430.7514,14:40:30.751,0.92,0.30,-0.24
1749332431.2517,14:40:31.251,0.93,0.29,-0.22
1749332431.7517,14:40:31.751,0.95,0.25,-0.18
1749332432.2513,14:40:32.251,0.99,0.14,-0.07
1749332432.7514,14:40:32.751,0.99,0.14,-0.05
1749332433.2512,14:40:33.251,0.99,0.14,-0.04
1749332433.7506,14:40:33.750,0.99,0.15,-0.02
1749332434.2509,14:40:34.250,0.99,0.13,0.01
1749332434.7508,14:40:34.750,0.99,0.14,0.01
1749332435.2503,14:40:35.250,0.99,0.15,0.00
1749332435.7504,14:40:35.750,0.99,0.16,-0.02
1749332436.2502,14:40:36.250,0.99,0.15,-0.03
1749332436.7499,14:40:36.749,0.99,0.13,-0.01
1749332437.2497,14:40:37.249,0.99,0.13,-0.01
1749332437.7493,14:40:37.749,0.99,0.16,-0.01
1749332438.2488,14:40:38.248,0.98,0.19,-0.03
1749332438.749,14:40:38.749,0.96,0.27,-0.10
1749332439.249,14:40:39.249,0.96,0.28,-0.09
1749332439.7491,14:40:39.749,0.95,0.28,-0.09
1749332440.2488,14:40:40.248,0.96,0.28,-0.09
1749332440.749,14:40:40.749,0.95,0.30,-0.09
1749332441.2483,14:40:41.248,0.95,0.30,-0.09
1749332441.7483,14:40:41.748,0.95,0.30,-0.09
1749332442.2485,14:40:42.248,0.97,0.24,-0.05
1749332442.7481,14:40:42.748,0.98,0.18,-0.03
1749332443.2477,14:40:43.247,0.98,0.17,-0.04
1749332443.7478,14:40:43.747,0.99,0.15,-0.04
1749332444.2473,14:40:44.247,0.99,0.13,0.00
1749332444.7467,14:40:44.746,0.99,0.13,0.00
1749332445.2467,14:40:45.246,0.99,0.14,0.01
1749332445.7464,14:40:45.746,0.99,0.15,0.00
1749332446.246,14:40:46.246,0.99,0.17,-0.02
1749332446.7462,14:40:46.746,0.99,0.15,-0.06
1749332447.2457,14:40:47.245,0.98,0.19,-0.08
1749332447.7453,14:40:47.745,0.97,0.21,-0.09
1749332448.2455,14:40:48.245,0.96,0.25,-0.12
1749332448.7454,14:40:48.745,0.93,0.33,-0.17
1749332449.2448,14:40:49.244,0.90,0.38,-0.21
1749332449.7452,14:40:49.745,0.89,0.38,-0.24
1749332450.2453,14:40:50.245,0.89,0.38,-0.26
1749332450.7451,14:40:50.745,0.93,0.32,-0.20
1749332451.2451,14:40:51.245,0.95,0.27,-0.16
1749332451.7449,14:40:51.744,0.95,0.28,-0.16
1749332452.2447,14:40:52.244,0.94,0.30,-0.18
1749332452.7448,14:40:52.744,0.94,0.31,-0.17
1749332453.2444,14:40:53.244,0.95,0.29,-0.13
1749332453.744,14:40:53.744,0.97,0.23,-0.07
1749332454.2441,14:40:54.244,0.97,0.22,-0.06
1749332454.7439,14:40:54.743,0.96,0.26,-0.13
1749332455.2435,14:40:55.243,0.95,0.27,-0.15
1749332455.7435,14:40:55.743,0.95,0.27,-0.15
1749332456.2435,14:40:56.243,0.96,0.26,-0.14
1749332456.7429,14:40:56.742,0.97,0.22,-0.11
1749332457.2428,14:40:57.242,0.97,0.22,-0.11
1749332457.7428,14:40:57.742,0.96,0.23,-0.14
1749332458.2426,14:40:58.242,0.95,0.26,-0.19
1749332458.7425,14:40:58.742,0.93,0.30,-0.21
1749332459.2425,14:40:59.242,0.93,0.30,-0.21
1749332459.7425,14:40:59.742,0.92,0.33,-0.20
1749332460.2421,14:41:00.242,0.91,0.34,-0.22
1749332460.7421,14:41:00.742,0.92,0.35,-0.20
1749332461.2415,14:41:01.241,0.92,0.34,-0.20
1749332461.7412,14:41:01.741,0.93,0.32,-0.17
1749332462.2418,14:41:02.241,0.96,0.26,-0.11
1749332462.7414,14:41:02.741,0.97,0.24,-0.06
1749332463.2409,14:41:03.240,0.97,0.23,-0.03
1749332463.7409,14:41:03.740,0.97,0.23,-0.03
1749332464.2403,14:41:04.240,0.96,0.28,-0.09
1749332464.7398,14:41:04.739,0.96,0.27,-0.09
1749332465.2401,14:41:05.240,0.96,0.27,-0.09
1749332465.7399,14:41:05.739,0.96,0.25,-0.11
1749332466.2394,14:41:06.239,0.95,0.27,-0.14
1749332466.7396,14:41:06.739,0.95,0.28,-0.15
1749332467.2396,14:41:07.239,0.92,0.33,-0.23
1749332467.7395,14:41:07.739,0.91,0.34,-0.23
1749332468.2394,14:41:08.239,0.91,0.33,-0.23
1749332468.7394,14:41:08.739,0.94,0.29,-0.19
1749332469.2389,14:41:09.238,0.94,0.28,-0.19
1749332469.7393,14:41:09.739,0.96,0.23,-0.14
1749332470.2393,14:41:10.239,0.97,0.20,-0.13
1749332470.7388,14:41:10.738,0.98,0.17,-0.11
1749332471.2388,14:41:11.238,0.99,0.15,-0.08
1749332471.7389,14:41:11.738,0.99,0.11,-0.07
1749332472.2381,14:41:12.238,1.00,0.04,0.01
1749332472.7379,14:41:12.737,1.00,0.01,0.05
1749332473.2382,14:41:13.238,1.00,0.00,0.05
1749332473.7376,14:41:13.737,1.00,-0.01,0.04
1749332474.2377,14:41:14.237,1.00,-0.02,0.05
1749332474.738,14:41:14.738,1.00,-0.05,0.09
1749332475.2372,14:41:15.237,1.00,-0.04,0.09
1749332475.7368,14:41:15.736,1.00,0.02,0.07
1749332476.2369,14:41:16.236,1.00,0.05,0.03
1749332476.7363,14:41:16.736,1.00,0.07,0.02
1749332477.2359,14:41:17.235,0.99,0.12,-0.03
1749332477.7362,14:41:17.736,0.99,0.16,-0.06
1749332478.2362,14:41:18.236,0.99,0.16,-0.06
1749332478.7356,14:41:18.735,0.99,0.16,-0.04
1749332479.2357,14:41:19.235,0.99,0.16,-0.04
1749332479.7357,14:41:19.735,0.99,0.16,-0.05
1749332480.2349,14:41:20.234,0.98,0.17,-0.04
1749332480.7354,14:41:20.735,0.99,0.12,0.00
1749332481.235,14:41:21.235,0.99,0.11,0.01
1749332481.7344,14:41:21.734,0.99,0.12,0.01
1749332482.2349,14:41:22.234,0.99,0.14,0.01
1749332482.7349,14:41:22.734,0.99,0.15,0.02
1749332483.2341,14:41:23.234,0.99,0.12,0.05
1749332483.7342,14:41:23.734,0.99,0.07,0.07
1749332484.2342,14:41:24.234,1.00,0.05,0.05
1749332484.7334,14:41:24.733,1.00,0.07,0.04
1749332485.2335,14:41:25.233,0.99,0.11,0.00
1749332485.7335,14:41:25.733,0.99,0.14,-0.03
1749332486.2331,14:41:26.233,0.99,0.14,-0.03
1749332486.733,14:41:26.733,0.99,0.14,-0.03
1749332487.2334,14:41:27.233,0.97,0.21,-0.08
1749332487.733,14:41:27.733,0.97,0.23,-0.12
1749332488.233,14:41:28.233,0.96,0.24,-0.12
1749332488.733,14:41:28.733,0.96,0.25,-0.12
1749332489.2322,14:41:29.232,0.96,0.24,-0.11
1749332489.7323,14:41:29.732,0.96,0.25,-0.10
1749332490.2325,14:41:30.232,0.96,0.25,-0.09
1749332490.7321,14:41:30.732,0.93,0.32,-0.17
1749332491.2318,14:41:31.231,0.92,0.33,-0.20
1749332491.7318,14:41:31.731,0.92,0.33,-0.22
1749332492.2312,14:41:32.231,0.92,0.33,-0.21
1749332492.731,14:41:32.731,0.93,0.33,-0.19
1749332493.2314,14:41:33.231,0.93,0.33,-0.17
1749332493.7309,14:41:33.730,0.93,0.32,-0.16
1749332494.2307,14:41:34.230,0.97,0.23,-0.07
1749332494.7307,14:41:34.730,0.99,0.17,0.00
1749332495.2308,14:41:35.230,0.99,0.17,0.00
1749332495.7302,14:41:35.730,0.98,0.19,-0.06
1749332496.2302,14:41:36.230,0.98,0.20,-0.07
1749332496.7301,14:41:36.730,0.98,0.21,-0.06
1749332497.2293,14:41:37.229,0.99,0.16,-0.01
1749332497.7295,14:41:37.729,0.99,0.13,0.03
1749332498.23,14:41:38.230,0.99,0.12,0.03
1749332498.7294,14:41:38.729,0.99,0.11,0.03
1749332499.2292,14:41:39.229,0.99,0.11,0.03
1749332499.7297,14:41:39.729,0.99,0.09,0.04
1749332500.2289,14:41:40.228,0.99,0.09,0.04
1749332500.7289,14:41:40.728,0.99,0.12,0.01
1749332501.2292,14:41:41.229,0.99,0.16,-0.04
1749332501.7284,14:41:41.728,0.97,0.21,-0.09
1749332502.2284,14:41:42.228,0.97,0.22,-0.07
1749332502.7286,14:41:42.728,0.97,0.22,-0.06
1749332503.2278,14:41:43.227,0.97,0.23,-0.05
1749332503.7277,14:41:43.727,0.97,0.24,-0.04
1749332504.2278,14:41:44.227,0.97,0.24,-0.03
1749332504.7278,14:41:44.727,0.98,0.19,-0.02
1749332505.228,14:41:45.228,0.98,0.19,-0.03
1749332505.7281,14:41:45.728,0.99,0.17,-0.02
1749332506.2275,14:41:46.227,0.99,0.17,-0.01
1749332506.7272,14:41:46.727,0.99,0.12,0.01
1749332507.2275,14:41:47.227,0.99,0.11,0.02
1749332507.7273,14:41:47.727,1.00,0.09,0.03
1749332508.2268,14:41:48.226,1.00,0.05,0.05
1749332508.7269,14:41:48.726,1.00,0.00,0.08
1749332509.227,14:41:49.227,1.00,-0.01,0.09
1749332509.7266,14:41:49.726,1.00,-0.01,0.09
1749332510.2271,14:41:50.227,1.00,-0.01,0.09
1749332510.7267,14:41:50.726,1.00,0.03,0.07
1749332511.2261,14:41:51.226,1.00,0.05,0.06
1749332511.7262,14:41:51.726,1.00,0.06,0.05
1749332512.2258,14:41:52.225,1.00,0.10,0.03
1749332512.725,14:41:52.725,0.99,0.10,0.01
1749332513.2251,14:41:53.225,0.99,0.11,0.00
1749332513.7251,14:41:53.725,0.99,0.10,0.00
1749332514.2245,14:41:54.224,0.99,0.14,-0.04
1749332514.7243,14:41:54.724,0.98,0.18,-0.07
1749332515.2247,14:41:55.224,0.98,0.19,-0.07
1749332515.7246,14:41:55.724,0.98,0.19,-0.10
1749332516.2244,14:41:56.224,0.97,0.19,-0.11
1749332516.7242,14:41:56.724,0.97,0.19,-0.13
1749332517.2241,14:41:57.224,0.97,0.19,-0.12
1749332517.7239,14:41:57.723,0.98,0.18,-0.09
1749332518.2237,14:41:58.223,0.99,0.13,-0.03
1749332518.7232,14:41:58.723,0.99,0.12,-0.02
1749332519.223,14:41:59.223,0.99,0.12,-0.02
1749332519.7232,14:41:59.723,0.99,0.16,-0.07
1749332520.2227,14:42:00.222,0.98,0.19,-0.11
1749332520.7223,14:42:00.722,0.96,0.22,-0.14
1749332521.2227,14:42:01.222,0.96,0.24,-0.15
1749332521.7226,14:42:01.722,0.95,0.28,-0.17
1749332522.2222,14:42:02.222,0.94,0.29,-0.16
1749332522.7224,14:42:02.722,0.95,0.28,-0.15
1749332523.2217,14:42:03.221,0.96,0.25,-0.14
1749332523.7213,14:42:03.721,0.96,0.25,-0.13
1749332524.2213,14:42:04.221,0.96,0.23,-0.13
1749332524.7213,14:42:04.721,0.97,0.22,-0.11
1749332525.2209,14:42:05.220,0.98,0.19,-0.07
1749332525.7213,14:42:05.721,0.99,0.14,-0.05
1749332526.2208,14:42:06.220,0.99,0.13,-0.05
1749332526.72,14:42:06.720,0.99,0.13,-0.06
1749332527.2204,14:42:07.220,0.99,0.14,-0.07
1749332527.7203,14:42:07.720,0.99,0.15,-0.08
1749332528.2197,14:42:08.219,0.99,0.13,-0.06
1749332528.7199,14:42:08.719,0.99,0.13,-0.06
1749332529.2198,14:42:09.219,0.97,0.21,-0.13
1749332529.7194,14:42:09.719,0.94,0.28,-0.20
1749332530.2194,14:42:10.219,0.93,0.29,-0.22
1749332530.7192,14:42:10.719,0.91,0.32,-0.25
1749332531.2186,14:42:11.218,0.91,0.33,-0.25
1749332531.7188,14:42:11.718,0.91,0.33,-0.24
1749332532.2187,14:42:12.218,0.91,0.34,-0.23
1749332532.7183,14:42:12.718,0.92,0.33,-0.21
1749332533.2183,14:42:13.218,0.94,0.31,-0.17
1749332533.7188,14:42:13.718,0.94,0.30,-0.19
1749332534.2188,14:42:14.218,0.94,0.28,-0.18
1749332534.7182,14:42:14.718,0.96,0.25,-0.15
1749332535.2185,14:42:15.218,0.96,0.24,-0.15
1749332535.7181,14:42:15.718,0.96,0.24,-0.15
1749332536.2178,14:42:16.217,0.96,0.25,-0.14
1749332536.718,14:42:16.718,0.96,0.26,-0.14
1749332537.2174,14:42:17.217,0.96,0.26,-0.13
1749332537.7171,14:42:17.717,0.96,0.24,-0.12
1749332538.2172,14:42:18.217,0.97,0.24,-0.11
1749332538.7171,14:42:18.717,0.96,0.25,-0.11
1749332539.217,14:42:19.217,0.96,0.25,-0.12
1749332539.7174,14:42:19.717,0.96,0.25,-0.12
1749332540.2173,14:42:20.217,0.97,0.22,-0.11
1749332540.7168,14:42:20.716,0.98,0.20,-0.10
1749332541.217,14:42:21.217,0.98,0.20,-0.10
1749332541.7166,14:42:21.716,0.96,0.23,-0.12
1749332542.2159,14:42:22.215,0.96,0.24,-0.12
1749332542.7161,14:42:22.716,0.97,0.23,-0.11
1749332543.2157,14:42:23.215,0.97,0.23,-0.11
1749332543.7152,14:42:23.715,0.96,0.26,-0.13
1749332544.2158,14:42:24.215,0.96,0.26,-0.12
1749332544.716,14:42:24.716,0.96,0.26,-0.12
1749332545.2157,14:42:25.215,0.94,0.31,-0.14
1749332545.7159,14:42:25.715,0.92,0.34,-0.16
1749332546.2155,14:42:26.215,0.93,0.34,-0.16
1749332546.715,14:42:26.715,0.94,0.33,-0.14
1749332547.2152,14:42:27.215,0.94,0.31,-0.13
1749332547.715,14:42:27.715,0.95,0.29,-0.11
1749332548.2145,14:42:28.214,0.96,0.26,-0.07
1749332548.7143,14:42:28.714,0.98,0.20,-0.03
1749332549.2144,14:42:29.214,0.98,0.20,-0.03
1749332549.714,14:42:29.714,0.97,0.22,-0.06
1749332550.214,14:42:30.214,0.97,0.22,-0.07
1749332550.7143,14:42:30.714,0.96,0.26,-0.12
1749332551.2139,14:42:31.213,0.95,0.27,-0.16
1749332551.7137,14:42:31.713,0.95,0.28,-0.16
1749332552.2138,14:42:32.213,0.95,0.28,-0.16
1749332552.7133,14:42:32.713,0.93,0.32,-0.18
1749332553.2129,14:42:33.212,0.92,0.33,-0.20
1749332553.7132,14:42:33.713,0.92,0.33,-0.20
1749332554.2124,14:42:34.212,0.92,0.33,-0.21
1749332554.7118,14:42:34.711,0.91,0.34,-0.24
1749332555.2121,14:42:35.212,0.88,0.37,-0.29
1749332555.7119,14:42:35.711,0.84,0.42,-0.35
1749332556.2113,14:42:36.211,0.84,0.41,-0.35
1749332556.7116,14:42:36.711,0.85,0.41,-0.35
1749332557.2111,14:42:37.211,0.89,0.34,-0.29
1749332557.7103,14:42:37.710,0.95,0.26,-0.18
1749332558.2104,14:42:38.210,0.97,0.21,-0.12
1749332558.7106,14:42:38.710,0.98,0.18,-0.09
1749332559.21,14:42:39.210,0.98,0.17,-0.09
1749332559.7103,14:42:39.710,0.98,0.19,-0.10
1749332560.2101,14:42:40.210,0.97,0.20,-0.11
1749332560.7098,14:42:40.709,0.96,0.25,-0.14
1749332561.2098,14:42:41.209,0.96,0.25,-0.15
1749332561.7096,14:42:41.709,0.95,0.28,-0.17
1749332562.2089,14:42:42.208,0.94,0.29,-0.18
1749332562.7089,14:42:42.708,0.94,0.30,-0.17
1749332563.2091,14:42:43.209,0.94,0.31,-0.16
1749332563.7087,14:42:43.708,0.93,0.32,-0.16
1749332564.2084,14:42:44.208,0.93,0.33,-0.16
1749332564.7086,14:42:44.708,0.92,0.35,-0.19
1749332565.2079,14:42:45.207,0.89,0.39,-0.22
1749332565.7075,14:42:45.707,0.90,0.40,-0.18
1749332566.2079,14:42:46.207,0.90,0.39,-0.19
1749332566.7074,14:42:46.707,0.92,0.36,-0.17
1749332567.2074,14:42:47.207,0.92,0.34,-0.18
1749332567.7078,14:42:47.707,0.93,0.33,-0.18
1749332568.2077,14:42:48.207,0.93,0.33,-0.18
1749332568.7075,14:42:48.707,0.95,0.28,-0.14
1749332569.2077,14:42:49.207,0.95,0.28,-0.14
1749332569.707,14:42:49.707,0.94,0.28,-0.18
1749332570.207,14:42:50.207,0.92,0.32,-0.21
1749332570.7074,14:42:50.707,0.92,0.32,-0.22
1749332571.2069,14:42:51.206,0.92,0.32,-0.23
1749332571.7065,14:42:51.706,0.94,0.28,-0.19
1749332572.2063,14:42:52.206,0.94,0.28,-0.18
1749332572.7062,14:42:52.706,0.94,0.28,-0.18
1749332573.2062,14:42:53.206,0.93,0.30,-0.21
1749332573.7065,14:42:53.706,0.90,0.35,-0.24
1749332574.2059,14:42:54.205,0.90,0.35,-0.24
1749332574.7053,14:42:54.705,0.91,0.34,-0.24
1749332575.2058,14:42:55.205,0.92,0.33,-0.22
1749332575.7058,14:42:55.705,0.92,0.33,-0.21
1749332576.2048,14:42:56.204,0.93,0.31,-0.20
1749332576.7049,14:42:56.704,0.93,0.31,-0.20
1749332577.205,14:42:57.205,0.92,0.32,-0.21
1749332577.7044,14:42:57.704,0.91,0.35,-0.24
1749332578.2047,14:42:58.204,0.91,0.35,-0.24
1749332578.7047,14:42:58.704,0.92,0.32,-0.22
1749332579.2041,14:42:59.204,0.93,0.31,-0.21
1749332579.704,14:42:59.704,0.92,0.32,-0.23
1749332580.2042,14:43:00.204,0.94,0.28,-0.20
1749332580.704,14:43:00.704,0.94,0.28,-0.19
1749332581.2041,14:43:01.204,0.95,0.27,-0.17
1749332581.7042,14:43:01.704,0.97,0.23,-0.12
1749332582.2034,14:43:02.203,0.96,0.24,-0.12
1749332582.7033,14:43:02.703,0.95,0.27,-0.15
1749332583.2035,14:43:03.203,0.95,0.28,-0.16
1749332583.7027,14:43:03.702,0.95,0.28,-0.16
1749332584.2022,14:43:04.202,0.95,0.27,-0.16
1749332584.7026,14:43:04.702,0.95,0.27,-0.15
1749332585.2018,14:43:05.201,0.95,0.27,-0.17
1749332585.7017,14:43:05.701,0.95,0.28,-0.16
1749332586.202,14:43:06.202,0.94,0.29,-0.17
1749332586.7016,14:43:06.701,0.93,0.32,-0.20
1749332587.2019,14:43:07.201,0.92,0.33,-0.21
1749332587.7021,14:43:07.702,0.95,0.27,-0.17
1749332588.2016,14:43:08.201,0.96,0.24,-0.12
1749332588.7012,14:43:08.701,0.98,0.19,-0.08
1749332589.2012,14:43:09.201,0.98,0.18,-0.08
1749332589.7011,14:43:09.701,0.98,0.16,-0.06
1749332590.2005,14:43:10.200,0.98,0.16,-0.07
1749332590.7009,14:43:10.700,0.98,0.19,-0.09
1749332591.201,14:43:11.201,0.98,0.19,-0.09
1749332591.7004,14:43:11.700,0.98,0.20,-0.08
1749332592.2003,14:43:12.200,0.98,0.20,-0.08
1749332592.7004,14:43:12.700,0.98,0.16,-0.07
1749332593.1998,14:43:13.199,0.98,0.16,-0.07
1749332593.6998,14:43:13.699,0.99,0.14,-0.05
1749332594.1997,14:43:14.199,1.00,0.10,-0.02
1749332594.6991,14:43:14.699,1.00,0.09,-0.02
1749332595.1993,14:43:15.199,1.00,0.08,-0.03
1749332595.6998,14:43:15.699,0.99,0.13,-0.06
1749332596.1992,14:43:16.199,0.99,0.15,-0.08
1749332596.6992,14:43:16.699,0.99,0.15,-0.07
1749332597.1991,14:43:17.199,0.99,0.16,-0.06
1749332597.6985,14:43:17.698,0.99,0.14,-0.04
1749332598.1981,14:43:18.198,0.99,0.13,-0.05
1749332598.6984,14:43:18.698,0.98,0.16,-0.10
1749332599.198,14:43:19.198,0.98,0.19,-0.11
1749332599.6974,14:43:19.697,0.96,0.24,-0.16
1749332600.1978,14:43:20.197,0.93,0.30,-0.21
1749332600.6972,14:43:20.697,0.93,0.30,-0.21
1749332601.1968,14:43:21.196,0.93,0.31,-0.20
1749332601.6969,14:43:21.696,0.93,0.31,-0.20
1749332602.1965,14:43:22.196,0.90,0.36,-0.23
1749332602.6961,14:43:22.696,0.91,0.35,-0.22
1749332603.1966,14:43:23.196,0.94,0.31,-0.17
1749332603.6961,14:43:23.696,0.95,0.28,-0.13
1749332604.1954,14:43:24.195,0.97,0.24,-0.09
1749332604.6956,14:43:24.695,0.98,0.20,-0.07
1749332605.1955,14:43:25.195,0.99,0.13,-0.01
1749332605.695,14:43:25.695,1.00,0.08,0.03
1749332606.1954,14:43:26.195,1.00,0.08,0.01
1749332606.6954,14:43:26.695,1.00,0.09,0.00
1749332607.1949,14:43:27.194,0.99,0.13,-0.04
1749332607.6949,14:43:27.694,0.98,0.18,-0.08
1749332608.1949,14:43:28.194,0.98,0.18,-0.10
1749332608.6942,14:43:28.694,0.97,0.21,-0.13
1749332609.1944,14:43:29.194,0.97,0.21,-0.13
1749332609.6946,14:43:29.694,0.98,0.17,-0.09
1749332610.1939,14:43:30.193,0.98,0.18,-0.08
1749332610.6937,14:43:30.693,0.98,0.19,-0.08
1749332611.1935,14:43:31.193,0.98,0.20,-0.07
1749332611.6932,14:43:31.693,0.98,0.20,-0.06
1749332612.1934,14:43:32.193,0.97,0.24,-0.09
1749332612.6936,14:43:32.693,0.96,0.24,-0.12
1749332613.1931,14:43:33.193,0.96,0.25,-0.13
1749332613.6931,14:43:33.693,0.95,0.26,-0.15
1749332614.1931,14:43:34.193,0.91,0.33,-0.24
1749332614.6928,14:43:34.692,0.87,0.39,-0.30
1749332615.1924,14:43:35.192,0.86,0.40,-0.31
1749332615.6924,14:43:35.692,0.86,0.40,-0.31
1749332616.1921,14:43:36.192,0.87,0.39,-0.30
1749332616.6921,14:43:36.692,0.88,0.38,-0.28
1749332617.1923,14:43:37.192,0.89,0.38,-0.26
1749332617.6917,14:43:37.691,0.93,0.32,-0.20
1749332618.1914,14:43:38.191,0.96,0.26,-0.13
1749332618.6916,14:43:38.691,0.96,0.26,-0.12
1749332619.1911,14:43:39.191,0.97,0.22,-0.09
1749332619.6907,14:43:39.690,0.98,0.17,-0.04
1749332620.1908,14:43:40.190,0.98,0.17,-0.04
1749332620.6906,14:43:40.690,0.98,0.17,-0.04
1749332621.19,14:43:41.190,0.99,0.17,-0.05
1749332621.6903,14:43:41.690,0.98,0.18,-0.05
1749332622.1905,14:43:42.190,0.98,0.20,-0.06
1749332622.6897,14:43:42.689,0.96,0.25,-0.10
1749332623.1896,14:43:43.189,0.95,0.27,-0.15
1749332623.69,14:43:43.690,0.93,0.31,-0.18
1749332624.1894,14:43:44.189,0.90,0.36,-0.25
1749332624.6897,14:43:44.689,0.90,0.36,-0.26
1749332625.1896,14:43:45.189,0.89,0.36,-0.26
1749332625.6889,14:43:45.688,0.89,0.37,-0.26
1749332626.189,14:43:46.189,0.91,0.35,-0.24
1749332626.6891,14:43:46.689,0.92,0.31,-0.21
1749332627.1885,14:43:47.188,0.98,0.20,-0.09
1749332627.6884,14:43:47.688,0.99,0.10,-0.03
1749332628.1886,14:43:48.188,1.00,0.07,0.00
1749332628.688,14:43:48.688,1.00,0.04,0.02
1749332629.1881,14:43:49.188,1.00,0.05,0.02
1749332629.6885,14:43:49.688,1.00,0.05,0.00
1749332630.1879,14:43:50.187,1.00,0.05,0.00
1749332630.6876,14:43:50.687,1.00,0.01,0.04
1749332631.1878,14:43:51.187,1.00,-0.03,0.08
1749332631.687,14:43:51.687,1.00,-0.03,0.08
1749332632.1867,14:43:52.186,1.00,0.03,0.05
1749332632.6871,14:43:52.687,1.00,0.09,-0.01
1749332633.1869,14:43:53.186,0.99,0.13,-0.04
1749332633.6869,14:43:53.686,0.98,0.17,-0.06
1749332634.1869,14:43:54.186,0.98,0.17,-0.07
1749332634.6866,14:43:54.686,0.98,0.17,-0.07
1749332635.186,14:43:55.186,0.99,0.14,-0.04
1749332635.6861,14:43:55.686,0.99,0.14,-0.04
1749332636.1859,14:43:56.185,0.99,0.14,-0.05
1749332636.6853,14:43:56.685,0.99,0.14,-0.04
1749332637.1855,14:43:57.185,0.99,0.14,-0.04
1749332637.6852,14:43:57.685,0.98,0.16,-0.07
1749332638.1848,14:43:58.184,0.98,0.18,-0.10
1749332638.6848,14:43:58.684,0.97,0.20,-0.11
1749332639.1849,14:43:59.184,0.97,0.20,-0.11
1749332639.6843,14:43:59.684,0.97,0.21,-0.08
1749332640.1841,14:44:00.184,0.98,0.19,-0.05
1749332640.6843,14:44:00.684,0.98,0.19,-0.05
1749332641.1842,14:44:01.184,0.98,0.20,-0.07
1749332641.6844,14:44:01.684,0.98,0.20,-0.07
1749332642.1842,14:44:02.184,0.97,0.21,-0.08
1749332642.6834,14:44:02.683,0.96,0.25,-0.14
1749332643.1832,14:44:03.183,0.93,0.30,-0.20
1749332643.6833,14:44:03.683,0.92,0.33,-0.22
1749332644.1828,14:44:04.182,0.91,0.34,-0.24
1749332644.6828,14:44:04.682,0.90,0.35,-0.25
1749332645.1831,14:44:05.183,0.90,0.36,-0.24
1749332645.6824,14:44:05.682,0.90,0.38,-0.23
1749332646.182,14:44:06.182,0.89,0.38,-0.24
1749332646.6823,14:44:06.682,0.90,0.37,-0.23
1749332647.1819,14:44:07.181,0.90,0.37,-0.24
1749332647.6817,14:44:07.681,0.91,0.34,-0.24
1749332648.1822,14:44:08.182,0.92,0.32,-0.23
1749332648.6818,14:44:08.681,0.91,0.33,-0.25
1749332649.1812,14:44:09.181,0.91,0.33,-0.25
1749332649.6815,14:44:09.681,0.94,0.29,-0.18
1749332650.1817,14:44:10.181,0.95,0.28,-0.15
1749332650.6813,14:44:10.681,0.95,0.28,-0.15
1749332651.1815,14:44:11.181,0.95,0.28,-0.15
1749332651.6813,14:44:11.681,0.90,0.36,-0.26
1749332652.181,14:44:12.181,0.86,0.40,-0.32
1749332652.6812,14:44:12.681,0.85,0.41,-0.33
1749332653.1804,14:44:13.180,0.85,0.41,-0.33
1749332653.6801,14:44:13.680,0.88,0.38,-0.29
1749332654.1799,14:44:14.179,0.88,0.38,-0.29
1749332654.6795,14:44:14.679,0.87,0.38,-0.31
1749332655.1792,14:44:15.179,0.90,0.34,-0.27
1749332655.6798,14:44:15.679,0.90,0.34,-0.26
1749332656.1796,14:44:16.179,0.91,0.33,-0.25
1749332656.6793,14:44:16.679,0.93,0.30,-0.19
1749332657.1789,14:44:17.178,0.94,0.31,-0.17
1749332657.6789,14:44:17.678,0.94,0.30,-0.16
1749332658.1788,14:44:18.178,0.96,0.24,-0.13
1749332658.6784,14:44:18.678,0.96,0.25,-0.15
1749332659.1784,14:44:19.178,0.92,0.31,-0.22
1749332659.6779,14:44:19.677,0.89,0.37,-0.27
1749332660.1776,14:44:20.177,0.89,0.37,-0.27
1749332660.678,14:44:20.678,0.86,0.41,-0.31
1749332661.1778,14:44:21.177,0.84,0.44,-0.32
1749332661.6772,14:44:21.677,0.84,0.44,-0.32
1749332662.1774,14:44:22.177,0.86,0.42,-0.30
1749332662.6773,14:44:22.677,0.90,0.36,-0.26
1749332663.1767,14:44:23.176,0.93,0.30,-0.20
1749332663.6771,14:44:23.677,0.93,0.31,-0.20
1749332664.1772,14:44:24.177,0.93,0.31,-0.19
1749332664.6766,14:44:24.676,0.93,0.32,-0.20
1749332665.1771,14:44:25.177,0.91,0.36,-0.22
1749332665.6767,14:44:25.676,0.88,0.40,-0.26
1749332666.1763,14:44:26.176,0.85,0.43,-0.30
1749332666.6764,14:44:26.676,0.85,0.44,-0.30
1749332667.176,14:44:27.176,0.85,0.44,-0.30
1749332667.6754,14:44:27.675,0.84,0.44,-0.32
1749332668.1759,14:44:28.175,0.88,0.40,-0.27
1749332668.6759,14:44:28.675,0.87,0.40,-0.27
1749332669.1751,14:44:29.175,0.89,0.39,-0.24
1749332669.6752,14:44:29.675,0.90,0.38,-0.21
1749332670.1754,14:44:30.175,0.92,0.35,-0.16
1749332670.6748,14:44:30.674,0.94,0.31,-0.10
1749332671.1747,14:44:31.174,0.96,0.27,-0.07
1749332671.6747,14:44:31.674,0.97,0.22,-0.06
1749332672.1741,14:44:32.174,0.99,0.17,-0.03
1749332672.674,14:44:32.674,0.99,0.16,-0.03
1749332673.174,14:44:33.174,0.99,0.15,-0.03
1749332673.6733,14:44:33.673,0.98,0.17,-0.05
1749332674.1731,14:44:34.173,0.96,0.25,-0.12
1749332674.6735,14:44:34.673,0.94,0.29,-0.18
1749332675.173,14:44:35.173,0.94,0.29,-0.19
1749332675.673,14:44:35.673,0.92,0.33,-0.21
1749332676.1732,14:44:36.173,0.90,0.37,-0.25
1749332676.6729,14:44:36.672,0.88,0.38,-0.28
1749332677.1725,14:44:37.172,0.88,0.38,-0.28
1749332677.6725,14:44:37.672,0.90,0.37,-0.24
1749332678.1726,14:44:38.172,0.91,0.36,-0.22
1749332678.6722,14:44:38.672,0.92,0.33,-0.20
1749332679.1725,14:44:39.172,0.94,0.30,-0.18
1749332679.672,14:44:39.672,0.94,0.28,-0.17
1749332680.1716,14:44:40.171,0.95,0.28,-0.13
1749332680.672,14:44:40.672,0.95,0.28,-0.13
1749332681.1718,14:44:41.171,0.95,0.27,-0.14
1749332681.6714,14:44:41.671,0.94,0.29,-0.16
1749332682.1718,14:44:42.171,0.95,0.28,-0.16
1749332682.6717,14:44:42.671,0.94,0.29,-0.15
1749332683.1712,14:44:43.171,0.95,0.29,-0.14
1749332683.6716,14:44:43.671,0.95,0.28,-0.11
1749332684.1717,14:44:44.171,0.96,0.27,-0.11
1749332684.6709,14:44:44.670,0.96,0.27,-0.10
1749332685.1707,14:44:45.170,0.96,0.26,-0.10
1749332685.6706,14:44:45.670,0.96,0.26,-0.11
1749332686.1698,14:44:46.169,0.96,0.25,-0.12
1749332686.6696,14:44:46.669,0.96,0.27,-0.13
1749332687.1697,14:44:47.169,0.95,0.27,-0.13
1749332687.6689,14:44:47.668,0.95,0.28,-0.14
1749332688.1689,14:44:48.168,0.94,0.30,-0.16
1749332688.6688,14:44:48.668,0.94,0.32,-0.15
1749332689.1682,14:44:49.168,0.93,0.33,-0.16
1749332689.668,14:44:49.668,0.90,0.38,-0.21
1749332690.1682,14:44:50.168,0.87,0.42,-0.26
1749332690.6677,14:44:50.667,0.86,0.43,-0.27
1749332691.1675,14:44:51.167,0.86,0.43,-0.27
1749332691.6679,14:44:51.667,0.88,0.40,-0.26
1749332692.1675,14:44:52.167,0.91,0.35,-0.22
1749332692.6675,14:44:52.667,0.93,0.31,-0.19
1749332693.168,14:44:53.168,0.93,0.31,-0.18
1749332693.6672,14:44:53.667,0.93,0.32,-0.18
1749332694.1669,14:44:54.166,0.94,0.30,-0.17
1749332694.6669,14:44:54.666,0.94,0.30,-0.15
1749332695.1663,14:44:55.166,0.94,0.31,-0.15
1749332695.6664,14:44:55.666,0.94,0.30,-0.14
1749332696.1664,14:44:56.166,0.95,0.30,-0.12
1749332696.6658,14:44:56.665,0.95,0.29,-0.11
1749332697.1653,14:44:57.165,0.94,0.32,-0.13
1749332697.6659,14:44:57.665,0.89,0.40,-0.20
1749332698.1662,14:44:58.166,0.87,0.43,-0.24
1749332698.6659,14:44:58.665,0.86,0.43,-0.26
1749332699.1659,14:44:59.165,0.90,0.37,-0.22
1749332699.6663,14:44:59.666,0.90,0.37,-0.22
1749332700.1656,14:45:00.165,0.90,0.37,-0.23
1749332700.6652,14:45:00.665,0.88,0.40,-0.25
1749332701.1652,14:45:01.165,0.85,0.44,-0.29
1749332701.6651,14:45:01.665,0.85,0.44,-0.29
1749332702.1649,14:45:02.164,0.86,0.42,-0.29
1749332702.6647,14:45:02.664,0.87,0.41,-0.28
1749332703.1642,14:45:03.164,0.89,0.38,-0.25
1749332703.6644,14:45:03.664,0.93,0.31,-0.18
1749332704.165,14:45:04.165,0.95,0.27,-0.14
1749332704.6643,14:45:04.664,0.95,0.26,-0.17
1749332705.1641,14:45:05.164,0.95,0.26,-0.16
1749332705.6642,14:45:05.664,0.95,0.25,-0.17
1749332706.1638,14:45:06.163,0.96,0.23,-0.13
1749332706.664,14:45:06.664,0.97,0.21,-0.10
1749332707.1643,14:45:07.164,0.99,0.16,-0.03
1749332707.6635,14:45:07.663,0.99,0.14,-0.01
1749332708.1629,14:45:08.162,0.99,0.12,-0.01
1749332708.6634,14:45:08.663,0.99,0.13,-0.02
1749332709.1628,14:45:09.162,0.99,0.13,-0.02
1749332709.6628,14:45:09.662,0.99,0.12,0.02
1749332710.1631,14:45:10.163,0.99,0.09,0.04
1749332710.6625,14:45:10.662,0.99,0.09,0.04
1749332711.1621,14:45:11.162,0.99,0.11,0.02
1749332711.662,14:45:11.662,0.99,0.12,0.02
1749332712.1618,14:45:12.161,0.98,0.18,-0.02
1749332712.6613,14:45:12.661,0.98,0.17,-0.01
1749332713.1618,14:45:13.161,0.99,0.16,-0.02
1749332713.6612,14:45:13.661,0.99,0.10,0.01
1749332714.1608,14:45:14.160,1.00,0.07,0.03
1749332714.6613,14:45:14.661,1.00,0.07,0.03
1749332715.1613,14:45:15.161,0.99,0.13,-0.06
1749332715.6609,14:45:15.660,0.99,0.14,-0.07
1749332716.161,14:45:16.161,0.98,0.18,-0.12
1749332716.6605,14:45:16.660,0.95,0.25,-0.18
1749332717.1602,14:45:17.160,0.95,0.26,-0.17
1749332717.6605,14:45:17.660,0.94,0.29,-0.18
1749332718.16,14:45:18.160,0.94,0.28,-0.18
1749332718.6593,14:45:18.659,0.91,0.34,-0.24
1749332719.1597,14:45:19.159,0.91,0.34,-0.24
1749332719.6593,14:45:19.659,0.97,0.23,-0.11
1749332720.1588,14:45:20.158,0.98,0.18,-0.06
1749332720.6586,14:45:20.658,0.98,0.17,-0.06
1749332721.1586,14:45:21.158,0.97,0.20,-0.10
1749332721.6583,14:45:21.658,0.97,0.22,-0.13
1749332722.1579,14:45:22.157,0.97,0.22,-0.13
1749332722.6583,14:45:22.658,0.98,0.17,-0.06
1749332723.158,14:45:23.158,0.98,0.17,-0.06
1749332723.6578,14:45:23.657,0.98,0.17,-0.07
1749332724.1578,14:45:24.157,0.95,0.26,-0.15
1749332724.6574,14:45:24.657,0.96,0.25,-0.15
1749332725.157,14:45:25.157,0.95,0.27,-0.17
1749332725.6574,14:45:25.657,0.95,0.27,-0.17
1749332726.1573,14:45:26.157,0.95,0.28,-0.17
1749332726.6571,14:45:26.657,0.94,0.30,-0.19
1749332727.1575,14:45:27.157,0.94,0.30,-0.17
1749332727.6576,14:45:27.657,0.96,0.25,-0.12
1749332728.1566,14:45:28.156,0.97,0.22,-0.08
1749332728.6568,14:45:28.656,0.99,0.15,-0.01
1749332729.1565,14:45:29.156,1.00,0.08,0.06
1749332729.6565,14:45:29.656,1.00,0.07,0.05
1749332730.1568,14:45:30.156,1.00,0.08,0.04
1749332730.6564,14:45:30.656,1.00,0.08,0.04
1749332731.1554,14:45:31.155,1.00,0.09,0.04
1749332731.6557,14:45:31.655,1.00,0.09,0.04
1749332732.156,14:45:32.156,0.99,0.12,0.00
1749332732.6552,14:45:32.655,0.99,0.14,-0.01
1749332733.1555,14:45:33.155,0.99,0.15,-0.01
1749332733.6553,14:45:33.655,0.98,0.18,-0.04
1749332734.1547,14:45:34.154,0.97,0.23,-0.07
1749332734.6548,14:45:34.654,0.97,0.24,-0.07
1749332735.155,14:45:35.155,0.96,0.26,-0.07
1749332735.6545,14:45:35.654,0.95,0.29,-0.08
1749332736.1542,14:45:36.154,0.94,0.34,-0.10
1749332736.6542,14:45:36.654,0.93,0.34,-0.12
1749332737.154,14:45:37.154,0.93,0.33,-0.14
1749332737.6545,14:45:37.654,0.94,0.31,-0.16
1749332738.1549,14:45:38.154,0.92,0.35,-0.19
1749332738.6543,14:45:38.654,0.92,0.35,-0.19
1749332739.1536,14:45:39.153,0.94,0.31,-0.14
1749332739.6536,14:45:39.653,0.94,0.32,-0.13
1749332740.1532,14:45:40.153,0.95,0.30,-0.11
1749332740.6528,14:45:40.652,0.94,0.32,-0.10
1749332741.1528,14:45:41.152,0.94,0.32,-0.12
1749332741.6527,14:45:41.652,0.97,0.25,-0.08
1749332742.1521,14:45:42.152,0.98,0.20,-0.03
1749332742.6519,14:45:42.651,0.98,0.21,-0.04
1749332743.1518,14:45:43.151,0.97,0.23,-0.06
1749332743.651,14:45:43.651,0.97,0.25,-0.07
1749332744.1514,14:45:44.151,0.93,0.33,-0.14
1749332744.6513,14:45:44.651,0.89,0.39,-0.24
1749332745.1509,14:45:45.150,0.88,0.40,-0.25
1749332745.6511,14:45:45.651,0.88,0.40,-0.25
1749332746.151,14:45:46.151,0.90,0.37,-0.22
1749332746.6504,14:45:46.650,0.92,0.36,-0.18
1749332747.1506,14:45:47.150,0.92,0.36,-0.17
1749332747.6503,14:45:47.650,0.94,0.32,-0.14
1749332748.1495,14:45:48.149,0.94,0.32,-0.15
1749332748.6496,14:45:48.649,0.94,0.32,-0.15
1749332749.1501,14:45:49.150,0.93,0.33,-0.14
1749332749.6497,14:45:49.649,0.94,0.32,-0.13
1749332750.15,14:45:50.150,0.94,0.32,-0.11
1749332750.6498,14:45:50.649,0.94,0.32,-0.11
1749332751.149,14:45:51.149,0.94,0.31,-0.12
1749332751.6491,14:45:51.649,0.94,0.31,-0.12
1749332752.1493,14:45:52.149,0.93,0.34,-0.14
1749332752.6491,14:45:52.649,0.92,0.37,-0.16
1749332753.1492,14:45:53.149,0.90,0.40,-0.18
1749332753.6493,14:45:53.649,0.90,0.39,-0.21
1749332754.1485,14:45:54.148,0.92,0.35,-0.18
1749332754.6485,14:45:54.648,0.92,0.34,-0.17
1749332755.1485,14:45:55.148,0.94,0.31,-0.12
1749332755.6478,14:45:55.647,0.97,0.23,-0.04
1749332756.1475,14:45:56.147,0.97,0.23,-0.04
1749332756.6477,14:45:56.647,0.97,0.24,-0.05
1749332757.1469,14:45:57.146,0.96,0.26,-0.07
1749332757.6468,14:45:57.646,0.96,0.27,-0.07
1749332758.147,14:45:58.147,0.96,0.27,-0.08
1749332758.6462,14:45:58.646,0.96,0.26,-0.07
1749332759.1457,14:45:59.145,0.97,0.23,-0.05
1749332759.6459,14:45:59.645,0.98,0.18,-0.01
1749332760.1455,14:46:00.145,0.99,0.17,-0.02
1749332760.645,14:46:00.645,0.99,0.16,-0.01
1749332761.1454,14:46:01.145,0.99,0.13,0.02
1749332761.6453,14:46:01.645,1.00,0.08,0.04
1749332762.1451,14:46:02.145,1.00,0.08,0.03
1749332762.6453,14:46:02.645,0.99,0.11,0.02
1749332763.1452,14:46:03.145,0.97,0.22,-0.07
1749332763.6448,14:46:03.644,0.95,0.29,-0.14
1749332764.1448,14:46:04.144,0.90,0.37,-0.23
1749332764.6447,14:46:04.644,0.89,0.39,-0.25
1749332765.1443,14:46:05.144,0.89,0.38,-0.25
1749332765.6441,14:46:05.644,0.89,0.38,-0.25
1749332766.1442,14:46:06.144,0.91,0.35,-0.24
1749332766.6438,14:46:06.643,0.92,0.34,-0.21
1749332767.1436,14:46:07.143,0.95,0.27,-0.14
1749332767.6439,14:46:07.643,0.98,0.19,-0.08
1749332768.1431,14:46:08.143,0.99,0.16,-0.06
1749332768.6431,14:46:08.643,0.98,0.17,-0.05
1749332769.1434,14:46:09.143,0.99,0.17,-0.04
1749332769.643,14:46:09.643,0.98,0.18,-0.04
1749332770.1428,14:46:10.142,0.98,0.19,-0.05
1749332770.6431,14:46:10.643,0.98,0.20,-0.05
1749332771.1425,14:46:11.142,0.98,0.21,-0.05
1749332771.6421,14:46:11.642,0.97,0.23,-0.05
1749332772.1424,14:46:12.142,0.97,0.25,-0.07
1749332772.642,14:46:12.642,0.97,0.24,-0.09
1749332773.1418,14:46:13.141,0.98,0.19,-0.07
1749332773.6421,14:46:13.642,0.99,0.14,-0.03
1749332774.1416,14:46:14.141,0.99,0.10,-0.01
1749332774.6412,14:46:14.641,1.00,0.10,-0.01
1749332775.1415,14:46:15.141,1.00,0.10,-0.02
1749332775.6411,14:46:15.641,0.99,0.13,-0.04
1749332776.1406,14:46:16.140,0.98,0.19,-0.09
1749332776.6411,14:46:16.641,0.94,0.28,-0.18
1749332777.1409,14:46:17.140,0.94,0.28,-0.18
1749332777.6405,14:46:17.640,0.94,0.28,-0.18
1749332778.1406,14:46:18.140,0.95,0.25,-0.16
1749332778.6404,14:46:18.640,0.97,0.22,-0.13
1749332779.1401,14:46:19.140,0.97,0.20,-0.10
1749332779.6403,14:46:19.640,0.98,0.20,-0.10
1749332780.1401,14:46:20.140,0.97,0.20,-0.10
1749332780.64,14:46:20.640,0.97,0.21,-0.09
1749332781.1402,14:46:21.140,0.97,0.22,-0.10
1749332781.6398,14:46:21.639,0.97,0.24,-0.11
1749332782.1393,14:46:22.139,0.93,0.32,-0.19
1749332782.6391,14:46:22.639,0.92,0.34,-0.20
1749332783.1389,14:46:23.138,0.92,0.35,-0.19
1749332783.6388,14:46:23.638,0.94,0.31,-0.13
1749332784.1386,14:46:24.138,0.94,0.31,-0.14
1749332784.6386,14:46:24.638,0.93,0.33,-0.15
1749332785.1383,14:46:25.138,0.94,0.31,-0.16
1749332785.6377,14:46:25.637,0.94,0.30,-0.16
1749332786.1377,14:46:26.137,0.94,0.30,-0.17
1749332786.6372,14:46:26.637,0.91,0.34,-0.22
1749332787.1368,14:46:27.136,0.88,0.38,-0.27
1749332787.637,14:46:27.637,0.88,0.39,-0.28
1749332788.1367,14:46:28.136,0.88,0.38,-0.28
1749332788.6363,14:46:28.636,0.85,0.41,-0.31
1749332789.1367,14:46:29.136,0.84,0.43,-0.32
1749332789.6364,14:46:29.636,0.84,0.44,-0.31
1749332790.136,14:46:30.136,0.86,0.43,-0.28
1749332790.6362,14:46:30.636,0.86,0.42,-0.27
1749332791.1359,14:46:31.135,0.87,0.42,-0.26
1749332791.6355,14:46:31.635,0.87,0.43,-0.26
1749332792.1357,14:46:32.135,0.87,0.42,-0.25
1749332792.6358,14:46:32.635,0.88,0.41,-0.24
1749332793.1352,14:46:33.135,0.89,0.39,-0.23
1749332793.6354,14:46:33.635,0.92,0.33,-0.19
1749332794.1355,14:46:34.135,0.95,0.29,-0.15
1749332794.6349,14:46:34.634,0.96,0.25,-0.13
1749332795.135,14:46:35.135,0.99,0.16,-0.05
1749332795.6348,14:46:35.634,0.99,0.16,-0.06
1749332796.1346,14:46:36.134,0.97,0.21,-0.11
1749332796.6349,14:46:36.634,0.96,0.24,-0.13
1749332797.1347,14:46:37.134,0.96,0.24,-0.12
1749332797.6339,14:46:37.633,0.98,0.19,-0.07
1749332798.134,14:46:38.134,0.98,0.18,-0.04
1749332798.634,14:46:38.634,0.98,0.19,-0.05
1749332799.1332,14:46:39.133,0.98,0.19,-0.06
1749332799.6333,14:46:39.633,0.98,0.18,-0.08
1749332800.1334,14:46:40.133,0.98,0.18,-0.07
1749332800.6328,14:46:40.632,0.98,0.18,-0.07
1749332801.1327,14:46:41.132,0.97,0.22,-0.09
1749332801.6327,14:46:41.632,0.97,0.24,-0.10
1749332802.1319,14:46:42.131,0.94,0.31,-0.16
1749332802.632,14:46:42.632,0.92,0.34,-0.18
1749332803.132,14:46:43.132,0.92,0.34,-0.18
1749332803.6315,14:46:43.631,0.95,0.28,-0.12
1749332804.1316,14:46:44.131,0.97,0.24,-0.07
1749332804.6318,14:46:44.631,0.97,0.24,-0.06
1749332805.1316,14:46:45.131,0.97,0.24,-0.06
1749332805.6313,14:46:45.631,0.98,0.22,-0.04
1749332806.1317,14:46:46.131,0.98,0.18,-0.02
1749332806.6316,14:46:46.631,0.99,0.14,0.02
1749332807.1311,14:46:47.131,0.99,0.14,0.02
1749332807.6311,14:46:47.631,0.98,0.19,-0.02
1749332808.131,14:46:48.131,0.97,0.25,-0.07
1749332808.6312,14:46:48.631,0.93,0.32,-0.17
1749332809.1316,14:46:49.131,0.91,0.37,-0.20
1749332809.6319,14:46:49.631,0.89,0.39,-0.22
1749332810.1317,14:46:50.131,0.89,0.40,-0.21
1749332810.6317,14:46:50.631,0.89,0.40,-0.21
1749332811.1318,14:46:51.131,0.91,0.37,-0.17
1749332811.6314,14:46:51.631,0.95,0.29,-0.08
1749332812.1315,14:46:52.131,0.98,0.21,0.00
1749332812.6317,14:46:52.631,0.99,0.15,0.04
1749332813.1307,14:46:53.130,0.99,0.08,0.07
1749332813.6302,14:46:53.630,1.00,0.03,0.09
1749332814.13,14:46:54.130,1.00,0.02,0.08
1749332814.6294,14:46:54.629,1.00,0.08,0.02
1749332815.1293,14:46:55.129,0.98,0.17,-0.06
1749332815.6291,14:46:55.629,0.96,0.25,-0.11
1749332816.1283,14:46:56.128,0.94,0.31,-0.14
1749332816.6283,14:46:56.628,0.91,0.38,-0.17
1749332817.1287,14:46:57.128,0.87,0.44,-0.21
1749332817.6279,14:46:57.627,0.84,0.49,-0.25
1749332818.1277,14:46:58.127,0.81,0.51,-0.30
1749332818.6277,14:46:58.627,0.78,0.54,-0.32
1749332819.1271,14:46:59.127,0.77,0.54,-0.33
1749332819.6268,14:46:59.626,0.76,0.54,-0.36
